3 -1 8 -1 4 -1 3 2 -1 1000 -2
3 -1 7 -1 2000 -2
0 -1 4 -1 3000 -2
0 -1 3 9 9 5 5 -1 4000 -2
9 -1 9 5 -1 7 -1 1 6 -1 5000 -2
9 -1 3 1 3 -1 6000 -2
7 -1 4 -1 7 -1 8 -1 4 -1 7 -1 4 -1 7000 -2
5 -1 9 -1 6 -1 0 -1 8000 -2
1 -1 6 -1 0 -1 4 1 -1 2 -1 9000 -2
4 -1 3 -1 5 -1 1 8 -1 8 -1 10000 -2
8 -1 0 6 6 -1 4 -1 5 -1 8 -1 11000 -2
4 -1 1 -1 2 8 5 -1 8 -1 9 3 8 -1 0 3 -1 12000 -2
7 -1 7 4 4 -1 1 1 8 -1 13000 -2
8 -1 6 1 4 -1 8 -1 3 -1 3 -1 0 -1 4 -1 14000 -2
1 -1 8 0 -1 15000 -2
3 -1 5 -1 4 -1 0 9 -1 16000 -2
5 -1 1 6 4 7 -1 17000 -2
1 -1 9 -1 18000 -2
3 -1 4 -1 7 4 -1 19000 -2
2 -1 9 5 -1 20000 -2
6 -1 5 -1 6 9 -1 3 -1 21000 -2
3 -1 5 -1 5 5 1 -1 9 -1 1 1 2 -1 22000 -2
6 -1 8 5 7 -1 23000 -2
0 -1 1 1 2 9 1 -1 2 -1 5 3 -1 2 -1 9 9 0 -1 7 -1 9 6 2 2 0 8 3 0 -1 0 1 -1 9 0 1 2 -1 24000 -2
5 -1 5 4 -1 1 -1 25000 -2
4 -1 2 9 4 5 5 -1 1 5 5 1 3 1 5 6 -1 5 9 -1 5 -1 2 -1 8 8 8 1 -1 26000 -2
9 -1 3 9 6 3 -1 27000 -2
4 -1 5 3 8 -1 9 8 6 7 -1 1 -1 5 -1 28000 -2
3 -1 7 8 7 -1 29000 -2
4 -1 2 2 -1 9 1 -1 3 -1 30000 -2
0 -1 4 4 -1 31000 -2
1 -1 3 9 -1 5 5 3 1 0 1 -1 4 -1 5 -1 5 5 -1 32000 -2
5 -1 9 4 3 -1 33000 -2
8 -1 6 -1 34000 -2
2 -1 2 2 -1 35000 -2
3 -1 7 5 7 7 -1 6 9 2 -1 9 4 -1 36000 -2
0 -1 6 -1 37000 -2
8 -1 3 6 7 4 -1 4 8 -1 4 7 5 -1 3 6 -1 4 -1 38000 -2
6 -1 5 5 3 -1 0 4 4 -1 39000 -2
5 -1 9 -1 1 -1 40000 -2
7 -1 7 4 0 4 -1 7 4 9 7 2 -1 8 8 -1 1 -1 1 6 8 -1 41000 -2
1 -1 1 1 -1 1 -1 42000 -2
9 -1 1 1 1 -1 8 -1 9 -1 43000 -2
5 -1 7 4 4 -1 44000 -2
9 -1 1 1 3 -1 6 -1 0 5 7 -1 45000 -2
9 -1 0 9 -1 5 -1 46000 -2
0 -1 9 8 -1 1 -1 9 8 -1 6 6 5 -1 4 -1 5 3 -1 1 4 8 -1 47000 -2
3 -1 1 8 5 4 -1 5 6 -1 48000 -2
6 -1 3 -1 49000 -2
3 -1 7 4 -1 4 8 2 -1 4 -1 0 -1 50000 -2
8 -1 4 4 4 3 3 6 3 -1 1 5 -1 7 5 -1 6 -1 51000 -2
1 -1 2 -1 1 2 1 6 1 2 -1 4 -1 0 7 -1 0 -1 7 5 5 -1 6 -1 52000 -2
5 -1 8 7 8 6 9 6 8 -1 3 -1 53000 -2
4 -1 7 -1 8 1 -1 54000 -2
0 -1 1 6 -1 55000 -2
8 -1 1 8 -1 6 3 4 3 -1 2 5 -1 5 8 -1 56000 -2
3 -1 8 -1 57000 -2
9 -1 6 1 -1 1 -1 1 -1 2 -1 58000 -2
2 -1 5 -1 59000 -2
4 -1 5 6 -1 60000 -2
3 -1 5 -1 61000 -2
6 -1 3 -1 4 4 -1 9 -1 62000 -2
6 -1 3 7 -1 63000 -2
7 -1 4 4 7 1 -1 5 9 -1 64000 -2
2 -1 4 2 5 -1 2 -1 2 -1 65000 -2
5 -1 1 4 -1 2 3 -1 3 8 -1 5 -1 8 4 7 1 -1 4 5 4 -1 66000 -2
5 -1 8 -1 6 -1 67000 -2
0 -1 2 -1 9 -1 68000 -2
5 -1 5 4 8 4 4 4 5 8 -1 69000 -2
3 -1 7 4 -1 8 1 2 -1 70000 -2
1 -1 2 -1 9 -1 71000 -2
9 -1 1 1 6 6 -1 72000 -2
4 -1 5 -1 73000 -2
1 -1 3 -1 9 -1 5 -1 74000 -2
7 -1 3 5 2 -1 75000 -2
4 -1 2 -1 9 9 5 1 8 -1 1 -1 8 9 -1 76000 -2
8 -1 5 1 0 -1 5 -1 6 6 -1 77000 -2
3 -1 6 -1 78000 -2
1 -1 9 -1 79000 -2
3 -1 5 8 7 -1 80000 -2
2 -1 0 -1 2 -1 81000 -2
5 -1 6 6 0 9 6 4 9 -1 82000 -2
4 -1 5 1 7 -1 83000 -2
7 -1 1 -1 1 1 9 -1 84000 -2
8 -1 0 -1 3 2 -1 85000 -2
1 -1 8 -1 86000 -2
8 -1 3 -1 87000 -2
2 -1 7 -1 88000 -2
3 -1 6 -1 7 0 5 -1 89000 -2
6 -1 1 -1 8 2 -1 1 4 -1 1 -1 90000 -2
7 -1 4 -1 91000 -2
5 -1 9 5 -1 92000 -2
4 -1 2 -1 0 4 2 -1 5 -1 93000 -2
4 -1 0 -1 5 -1 94000 -2
5 -1 9 -1 95000 -2
7 -1 8 3 2 -1 96000 -2
8 -1 5 -1 8 -1 4 6 4 -1 2 6 0 4 -1 97000 -2
7 -1 4 7 3 4 8 -1 98000 -2
5 -1 6 -1 5 2 1 -1 2 0 -1 9 2 -1 5 -1 0 -1 99000 -2
5 -1 8 5 -1 6 9 -1 7 5 3 7 -1 5 9 -1 100000 -2
7 -1 2 -1 9 -1 101000 -2
0 -1 5 3 -1 4 5 -1 102000 -2
7 -1 1 -1 103000 -2
8 -1 1 8 3 6 3 -1 104000 -2
9 -1 8 1 -1 105000 -2
0 -1 1 2 -1 7 6 6 7 2 -1 6 -1 6 0 -1 9 0 -1 1 -1 0 1 -1 106000 -2
5 -1 4 -1 1 -1 1 2 6 -1 1 -1 1 0 2 7 2 -1 2 1 3 1 -1 5 -1 4 -1 107000 -2
1 -1 8 -1 1 0 8 -1 7 -1 1 1 -1 108000 -2
3 -1 6 8 -1 7 5 -1 9 -1 8 4 5 1 5 -1 109000 -2
2 -1 2 -1 5 -1 4 -1 110000 -2
0 -1 4 -1 4 -1 2 8 1 -1 111000 -2
5 -1 4 -1 2 4 -1 2 -1 7 0 4 -1 112000 -2
1 -1 2 -1 113000 -2
0 -1 2 1 -1 114000 -2
3 -1 3 5 -1 7 8 -1 2 3 2 -1 115000 -2
5 -1 1 1 5 5 -1 6 2 1 -1 4 1 4 9 7 4 -1 116000 -2
2 -1 6 2 0 5 7 9 1 0 -1 6 0 -1 117000 -2
2 -1 0 -1 118000 -2
9 -1 4 -1 9 -1 5 6 -1 119000 -2
8 -1 2 -1 0 -1 5 4 0 -1 8 9 -1 120000 -2
2 -1 1 1 -1 121000 -2
4 -1 3 -1 122000 -2
7 -1 9 -1 123000 -2
4 -1 5 8 -1 6 3 9 6 1 -1 124000 -2
9 -1 3 3 -1 125000 -2
0 -1 8 5 -1 126000 -2
0 -1 1 2 3 0 -1 1 -1 9 -1 1 0 1 4 8 -1 1 -1 127000 -2
7 -1 8 8 -1 6 -1 128000 -2
4 -1 6 8 -1 1 -1 129000 -2
8 -1 4 0 -1 130000 -2
0 -1 9 4 4 8 5 -1 131000 -2
1 -1 1 3 -1 8 -1 132000 -2
1 -1 2 -1 9 -1 6 -1 1 5 4 3 8 -1 133000 -2
6 -1 5 3 -1 9 4 7 -1 5 6 -1 4 2 8 9 -1 4 4 -1 134000 -2
7 -1 3 9 2 -1 5 -1 0 7 9 -1 135000 -2
6 -1 9 -1 5 5 5 6 -1 136000 -2
5 -1 4 -1 137000 -2
4 -1 2 -1 138000 -2
0 -1 4 -1 7 7 8 -1 3 7 -1 0 -1 2 -1 5 5 5 -1 139000 -2
8 -1 3 -1 140000 -2
0 -1 1 4 1 -1 4 8 9 -1 141000 -2
3 -1 7 6 9 4 -1 9 5 9 -1 7 -1 5 6 0 -1 0 6 -1 142000 -2
8 -1 8 3 -1 5 1 9 5 9 -1 5 8 -1 143000 -2
4 -1 5 5 7 -1 6 4 -1 3 -1 144000 -2
5 -1 9 5 1 7 7 9 -1 8 9 8 0 1 9 -1 145000 -2
2 -1 0 -1 146000 -2
0 -1 6 6 2 -1 3 -1 147000 -2
9 -1 8 -1 3 -1 8 5 -1 8 1 -1 148000 -2
0 -1 1 -1 3 2 1 7 8 -1 1 -1 3 2 -1 6 -1 3 2 -1 0 5 -1 149000 -2
6 -1 6 7 8 5 5 -1 9 -1 5 6 -1 0 4 5 9 9 -1 3 1 3 3 -1 3 8 3 -1 3 2 -1 6 4 6 -1 150000 -2
1 -1 2 -1 151000 -2
2 -1 8 -1 8 -1 3 6 -1 3 7 -1 152000 -2
8 -1 4 -1 8 5 -1 153000 -2
7 -1 4 -1 154000 -2
2 -1 0 2 6 4 9 7 6 -1 0 -1 5 -1 4 -1 6 3 -1 5 -1 155000 -2
0 -1 6 -1 2 -1 156000 -2
7 -1 1 2 -1 0 7 -1 1 9 2 2 -1 157000 -2
6 -1 3 -1 4 -1 158000 -2
3 -1 6 7 -1 7 4 -1 2 -1 3 7 -1 0 -1 2 7 -1 5 -1 1 0 5 -1 4 4 4 -1 159000 -2
0 -1 4 -1 160000 -2
5 -1 5 4 2 6 9 -1 161000 -2
4 -1 4 1 -1 162000 -2
3 -1 9 6 -1 3 9 1 -1 163000 -2
1 -1 9 -1 6 -1 3 -1 8 9 -1 6 -1 164000 -2
7 -1 2 -1 8 6 1 6 5 -1 2 0 -1 7 5 -1 7 -1 4 -1 7 -1 165000 -2
4 -1 3 -1 4 -1 166000 -2
1 -1 6 2 -1 167000 -2
5 -1 5 -1 5 -1 5 4 -1 5 4 7 -1 4 -1 1 8 -1 168000 -2
2 -1 0 6 -1 169000 -2
7 -1 2 9 -1 3 -1 4 -1 7 -1 7 -1 1 -1 170000 -2
9 -1 5 -1 9 -1 171000 -2
1 -1 2 -1 1 -1 2 -1 172000 -2
7 -1 1 4 -1 1 2 -1 2 1 -1 173000 -2
1 -1 9 8 8 -1 174000 -2
3 -1 5 -1 5 4 -1 175000 -2
3 -1 5 -1 7 -1 176000 -2
1 -1 2 1 2 8 6 -1 177000 -2
4 -1 8 -1 6 -1 5 5 6 8 4 -1 9 -1 7 6 -1 4 7 -1 5 3 -1 178000 -2
6 -1 9 8 0 -1 3 1 6 8 6 7 -1 2 -1 2 1 8 9 -1 6 -1 179000 -2
9 -1 0 1 6 -1 180000 -2
3 -1 5 4 4 -1 181000 -2
4 -1 5 8 7 -1 3 6 4 -1 182000 -2
3 -1 6 4 5 4 -1 2 2 0 -1 183000 -2
8 -1 1 4 4 5 4 -1 184000 -2
5 -1 6 -1 7 -1 185000 -2
9 -1 1 -1 1 -1 186000 -2
5 -1 9 7 4 -1 4 2 1 1 1 -1 9 1 -1 0 2 -1 187000 -2
0 -1 0 4 -1 188000 -2
0 -1 4 -1 7 -1 3 -1 4 -1 189000 -2
5 -1 9 4 5 0 -1 5 8 -1 190000 -2
2 -1 0 -1 191000 -2
6 -1 7 -1 192000 -2
9 -1 1 -1 2 -1 7 -1 193000 -2
9 -1 0 -1 5 -1 194000 -2
0 -1 6 4 4 5 4 -1 2 7 -1 195000 -2
2 -1 4 0 6 -1 2 2 -1 196000 -2
1 -1 1 -1 8 -1 197000 -2
8 -1 1 8 8 1 8 8 -1 198000 -2
5 -1 9 -1 3 1 -1 199000 -2
6 -1 3 -1 4 -1 200000 -2
5 -1 5 7 9 -1 201000 -2
5 -1 5 -1 202000 -2
0 -1 5 -1 7 4 -1 5 -1 203000 -2
0 -1 2 -1 2 -1 0 9 -1 204000 -2
4 -1 5 2 1 4 3 -1 6 2 4 -1 5 -1 7 9 2 1 -1 205000 -2
8 -1 8 -1 206000 -2
4 -1 5 -1 6 -1 7 -1 2 -1 3 6 2 -1 207000 -2
6 -1 7 -1 9 8 -1 4 8 4 -1 208000 -2
8 -1 8 -1 8 -1 4 6 9 3 1 -1 209000 -2
8 -1 1 3 2 -1 4 3 -1 210000 -2
5 -1 1 -1 6 -1 8 -1 4 6 3 -1 211000 -2
2 -1 5 -1 6 7 4 -1 212000 -2
5 -1 6 4 8 -1 4 -1 4 4 -1 0 -1 213000 -2
7 -1 3 -1 214000 -2
7 -1 9 4 4 -1 7 2 7 -1 5 -1 6 0 -1 6 -1 215000 -2
8 -1 0 4 -1 3 3 -1 3 5 5 -1 9 4 5 -1 4 4 1 -1 216000 -2
7 -1 4 8 8 4 -1 217000 -2
1 -1 8 8 8 -1 0 4 3 1 -1 8 1 -1 218000 -2
1 -1 9 -1 219000 -2
0 -1 2 4 -1 1 -1 220000 -2
1 -1 1 2 -1 221000 -2
1 -1 0 8 -1 4 6 -1 6 4 -1 5 -1 5 4 -1 1 -1 222000 -2
9 -1 1 0 -1 4 -1 223000 -2
2 -1 0 7 -1 224000 -2
6 -1 7 -1 225000 -2
9 -1 3 9 5 6 -1 6 -1 226000 -2
2 -1 6 6 -1 8 3 -1 227000 -2
2 -1 0 5 8 5 2 3 -1 228000 -2
2 -1 0 -1 229000 -2
3 -1 4 4 7 7 -1 230000 -2
6 -1 3 -1 6 -1 2 -1 0 6 6 1 -1 8 -1 2 -1 4 -1 1 -1 5 2 -1 3 -1 5 9 -1 6 -1 6 9 -1 231000 -2
9 -1 5 6 -1 8 8 7 -1 0 -1 8 -1 5 9 -1 232000 -2
2 -1 2 6 -1 5 -1 9 -1 233000 -2
8 -1 6 6 -1 7 -1 9 1 9 -1 6 1 -1 234000 -2
6 -1 8 -1 3 8 3 4 6 -1 1 1 1 -1 235000 -2
2 -1 5 9 4 -1 236000 -2
6 -1 5 5 9 3 -1 237000 -2
1 -1 6 8 2 1 -1 238000 -2
8 -1 6 8 -1 5 3 -1 4 -1 8 -1 5 -1 1 8 -1 1 -1 0 8 1 -1 239000 -2
6 -1 5 7 2 7 3 -1 2 9 -1 4 8 -1 7 -1 3 6 1 3 -1 5 -1 7 -1 240000 -2
3 -1 5 -1 241000 -2
2 -1 0 -1 242000 -2
8 -1 4 -1 5 -1 243000 -2
0 -1 2 4 4 1 -1 5 2 -1 2 -1 244000 -2
3 -1 5 -1 245000 -2
0 -1 0 -1 5 -1 246000 -2
7 -1 4 9 -1 5 6 6 3 0 -1 247000 -2
3 -1 7 -1 248000 -2
7 -1 9 -1 249000 -2
0 -1 2 -1 1 2 0 -1 250000 -2
7 -1 6 -1 251000 -2
9 -1 5 6 0 -1 252000 -2
0 -1 3 -1 7 -1 9 -1 253000 -2
7 -1 2 2 -1 254000 -2
2 -1 7 -1 255000 -2
6 -1 5 3 -1 256000 -2
1 -1 1 8 9 -1 3 4 6 1 -1 257000 -2
2 -1 3 -1 5 -1 258000 -2
6 -1 1 -1 259000 -2
4 -1 8 2 4 -1 9 -1 260000 -2
5 -1 7 -1 261000 -2
7 -1 2 6 -1 7 0 -1 4 -1 3 8 -1 262000 -2
9 -1 6 -1 263000 -2
9 -1 1 -1 264000 -2
6 -1 9 3 -1 3 7 -1 6 -1 4 -1 3 -1 2 -1 8 9 5 -1 265000 -2
7 -1 7 8 1 -1 266000 -2
6 -1 6 3 6 -1 267000 -2
8 -1 8 4 -1 9 -1 268000 -2
9 -1 5 6 1 5 6 5 -1 8 -1 9 4 1 -1 269000 -2
8 -1 4 1 -1 270000 -2
7 -1 4 2 -1 3 -1 9 -1 271000 -2
8 -1 5 5 6 1 -1 4 9 -1 272000 -2
1 -1 2 2 2 1 2 -1 273000 -2
8 -1 1 -1 274000 -2
1 -1 8 -1 275000 -2
3 -1 7 4 -1 1 9 -1 8 -1 5 1 5 6 1 1 -1 276000 -2
3 -1 5 -1 8 1 1 -1 277000 -2
3 -1 7 4 5 -1 278000 -2
7 -1 9 9 0 -1 279000 -2
6 -1 5 -1 280000 -2
8 -1 4 3 4 -1 281000 -2
4 -1 9 3 -1 7 7 1 5 8 -1 8 2 2 -1 0 6 -1 282000 -2
3 -1 4 -1 0 -1 283000 -2
4 -1 2 6 5 -1 284000 -2
1 -1 5 -1 8 0 7 -1 2 6 -1 7 2 -1 285000 -2
0 -1 1 -1 286000 -2
4 -1 9 1 -1 2 2 -1 287000 -2
5 -1 4 -1 288000 -2
0 -1 8 -1 1 -1 289000 -2
2 -1 2 7 7 -1 4 9 2 4 -1 6 -1 5 -1 290000 -2
1 -1 2 -1 291000 -2
4 -1 1 5 -1 0 -1 9 -1 292000 -2
7 -1 8 -1 1 4 8 3 -1 293000 -2
9 -1 3 9 -1 294000 -2
1 -1 8 2 3 9 -1 295000 -2
7 -1 8 -1 296000 -2
9 -1 6 1 -1 297000 -2
6 -1 0 3 5 6 8 6 -1 298000 -2
4 -1 1 5 -1 1 8 1 7 -1 1 -1 2 1 2 4 3 -1 299000 -2
2 -1 8 -1 300000 -2
8 -1 6 -1 3 0 3 -1 5 2 -1 7 7 5 -1 301000 -2
8 -1 4 -1 1 -1 0 -1 5 8 9 -1 0 1 9 3 -1 302000 -2
0 -1 9 5 -1 5 7 -1 6 9 4 -1 2 -1 5 -1 4 -1 1 -1 1 -1 2 5 -1 303000 -2
3 -1 4 4 -1 1 2 6 8 -1 1 -1 0 4 7 3 -1 1 1 -1 6 -1 5 -1 304000 -2
7 -1 4 2 -1 305000 -2
1 -1 4 -1 306000 -2
7 -1 7 9 1 -1 7 -1 2 -1 8 -1 7 -1 307000 -2
8 -1 6 3 0 6 -1 308000 -2
2 -1 0 5 9 -1 5 -1 309000 -2
9 -1 5 -1 8 -1 310000 -2
0 -1 6 -1 4 1 7 -1 311000 -2
7 -1 9 -1 6 4 3 -1 312000 -2
3 -1 7 -1 4 -1 5 2 -1 6 -1 313000 -2
4 -1 1 8 -1 0 -1 314000 -2
3 -1 7 7 7 1 9 7 -1 315000 -2
9 -1 4 -1 316000 -2
9 -1 1 -1 2 -1 1 0 -1 317000 -2
4 -1 5 2 -1 1 -1 318000 -2
1 -1 8 -1 319000 -2
4 -1 5 -1 320000 -2
6 -1 3 -1 321000 -2
6 -1 8 6 -1 322000 -2
9 -1 3 6 3 3 5 6 -1 3 -1 7 8 -1 323000 -2
1 -1 1 1 8 -1 324000 -2
0 -1 3 -1 5 5 1 -1 8 4 -1 325000 -2
1 -1 2 2 9 6 1 9 -1 326000 -2
6 -1 3 -1 8 5 5 -1 0 -1 1 -1 327000 -2
4 -1 3 -1 7 5 -1 3 5 9 -1 328000 -2
2 -1 6 -1 329000 -2
5 -1 4 -1 4 2 -1 6 6 0 3 6 -1 5 8 -1 9 -1 7 -1 9 -1 5 8 -1 6 -1 1 -1 1 3 -1 3 3 5 1 -1 3 -1 330000 -2
4 -1 8 -1 331000 -2
8 -1 1 -1 332000 -2
1 -1 1 -1 333000 -2
3 -1 5 7 -1 2 -1 334000 -2
7 -1 9 8 -1 3 8 3 4 -1 5 5 5 -1 335000 -2
3 -1 5 -1 0 -1 336000 -2
0 -1 1 2 6 -1 337000 -2
8 -1 3 -1 338000 -2
6 -1 3 -1 6 -1 3 -1 339000 -2
1 -1 4 -1 9 -1 340000 -2
9 -1 6 5 -1 8 9 -1 6 -1 1 -1 8 -1 2 2 -1 341000 -2
4 -1 7 5 8 5 5 9 8 -1 342000 -2
6 -1 7 5 9 0 -1 343000 -2
4 -1 5 8 3 5 9 -1 0 7 6 1 6 8 6 4 -1 5 -1 6 -1 8 -1 1 1 5 -1 1 -1 344000 -2
3 -1 7 -1 8 -1 7 5 -1 6 -1 7 3 -1 6 4 -1 4 -1 345000 -2
0 -1 2 6 6 -1 3 -1 4 -1 346000 -2
4 -1 9 -1 347000 -2
9 -1 6 5 -1 4 1 5 8 -1 7 4 9 3 5 5 -1 1 8 7 9 8 8 5 -1 348000 -2
9 -1 6 -1 2 -1 349000 -2
2 -1 2 -1 350000 -2
3 -1 4 -1 8 -1 8 9 -1 351000 -2
1 -1 8 5 -1 9 1 -1 352000 -2
3 -1 1 -1 8 -1 4 -1 353000 -2
2 -1 0 6 -1 354000 -2
1 -1 9 3 -1 355000 -2
9 -1 8 -1 3 -1 356000 -2
1 -1 1 -1 8 2 -1 6 -1 2 -1 0 -1 357000 -2
1 -1 0 -1 4 5 8 4 -1 358000 -2
4 -1 3 -1 7 -1 359000 -2
8 -1 6 3 -1 7 4 -1 8 2 2 6 1 -1 1 -1 360000 -2
0 -1 6 -1 3 -1 361000 -2
4 -1 5 -1 362000 -2
7 -1 2 8 -1 363000 -2
1 -1 0 1 -1 364000 -2
7 -1 1 -1 365000 -2
2 -1 0 -1 366000 -2
0 -1 6 -1 367000 -2
7 -1 4 -1 4 5 1 5 -1 368000 -2
2 -1 9 -1 3 1 -1 369000 -2
7 -1 7 -1 370000 -2
5 -1 4 1 -1 371000 -2
7 -1 4 -1 372000 -2
4 -1 2 -1 6 0 5 -1 5 3 4 -1 5 2 -1 373000 -2
2 -1 0 7 8 -1 374000 -2
8 -1 8 -1 0 -1 375000 -2
2 -1 0 5 6 -1 5 -1 6 -1 4 -1 9 -1 4 -1 3 5 5 -1 376000 -2
2 -1 2 -1 0 -1 377000 -2
2 -1 4 -1 7 9 -1 378000 -2
9 -1 6 -1 7 5 5 9 6 0 -1 379000 -2
3 -1 8 -1 3 -1 380000 -2
3 -1 6 4 -1 381000 -2
4 -1 1 2 9 -1 9 -1 382000 -2
8 -1 3 -1 2 7 2 4 -1 383000 -2
1 -1 9 -1 384000 -2
3 -1 7 -1 9 3 9 -1 7 8 7 5 -1 385000 -2
0 -1 1 6 0 5 -1 7 -1 386000 -2
6 -1 0 -1 9 -1 6 5 -1 4 4 -1 1 0 -1 7 -1 387000 -2
0 -1 4 2 4 -1 6 1 -1 388000 -2
1 -1 2 1 8 6 9 8 -1 389000 -2
9 -1 3 -1 390000 -2
4 -1 3 8 -1 8 -1 1 -1 8 2 -1 1 -1 7 -1 2 8 -1 391000 -2
8 -1 4 -1 1 2 8 -1 392000 -2
0 -1 4 9 -1 393000 -2
9 -1 9 9 6 3 -1 1 1 -1 4 -1 2 -1 1 -1 394000 -2
4 -1 1 1 5 -1 395000 -2
3 -1 8 -1 396000 -2
0 -1 4 -1 7 2 6 8 -1 397000 -2
0 -1 0 2 6 6 -1 7 7 -1 7 3 5 -1 398000 -2
0 -1 3 5 3 -1 399000 -2
7 -1 9 3 2 4 -1 5 7 -1 400000 -2
6 -1 6 -1 401000 -2
4 -1 0 3 -1 402000 -2
2 -1 7 -1 8 3 9 -1 7 -1 1 6 3 -1 403000 -2
5 -1 7 -1 2 3 2 -1 404000 -2
9 -1 3 -1 7 -1 6 -1 405000 -2
9 -1 3 9 -1 406000 -2
9 -1 1 -1 0 -1 7 -1 407000 -2
2 -1 0 1 -1 408000 -2
0 -1 9 2 2 1 -1 409000 -2
1 -1 2 4 -1 8 9 5 -1 3 6 0 -1 7 5 7 -1 410000 -2
1 -1 6 6 -1 411000 -2
2 -1 9 -1 3 5 -1 9 4 9 -1 412000 -2
7 -1 3 9 2 -1 413000 -2
1 -1 8 -1 4 8 -1 3 7 -1 414000 -2
4 -1 1 1 6 -1 415000 -2
6 -1 8 -1 1 -1 416000 -2
3 -1 6 -1 417000 -2
5 -1 8 -1 6 3 -1 4 -1 1 4 -1 5 -1 3 -1 6 8 -1 418000 -2
4 -1 2 5 9 -1 419000 -2
4 -1 7 4 9 7 8 5 5 -1 2 8 8 1 7 6 -1 420000 -2
0 -1 2 1 1 -1 2 3 8 -1 1 -1 421000 -2
7 -1 9 6 7 9 -1 422000 -2
2 -1 1 0 -1 423000 -2
7 -1 2 -1 424000 -2
4 -1 7 3 1 9 5 1 8 2 7 0 -1 425000 -2
2 -1 1 -1 426000 -2
5 -1 9 -1 3 1 6 -1 1 8 -1 427000 -2
5 -1 6 -1 428000 -2
6 -1 5 6 3 -1 7 -1 5 -1 8 -1 429000 -2
5 -1 7 1 0 -1 1 2 2 -1 8 9 -1 7 2 -1 430000 -2
7 -1 2 -1 9 5 -1 431000 -2
4 -1 1 -1 432000 -2
8 -1 5 -1 7 -1 433000 -2
3 -1 7 5 -1 434000 -2
8 -1 3 -1 435000 -2
8 -1 1 8 -1 1 -1 1 8 -1 436000 -2
3 -1 8 8 -1 4 -1 8 -1 3 -1 437000 -2
5 -1 8 -1 1 -1 438000 -2
9 -1 6 5 0 9 -1 1 9 -1 1 3 -1 1 -1 439000 -2
0 -1 1 -1 1 -1 2 9 3 1 8 -1 1 -1 6 -1 440000 -2
4 -1 5 -1 2 5 -1 441000 -2
7 -1 9 4 8 8 6 6 4 9 -1 442000 -2
4 -1 7 -1 9 3 4 -1 4 -1 1 2 -1 8 0 -1 443000 -2
8 -1 3 8 4 3 -1 3 -1 9 -1 6 5 4 8 4 -1 444000 -2
0 -1 1 -1 2 -1 2 3 0 3 6 6 0 -1 8 7 -1 445000 -2
7 -1 8 -1 8 0 5 -1 446000 -2
2 -1 9 4 9 6 -1 447000 -2
1 -1 2 0 -1 5 -1 448000 -2
6 -1 4 -1 449000 -2
7 -1 1 -1 2 -1 5 -1 9 0 -1 450000 -2
5 -1 9 -1 451000 -2
5 -1 5 5 -1 452000 -2
6 -1 7 0 6 6 7 6 3 7 0 3 2 -1 453000 -2
1 -1 2 0 4 -1 454000 -2
4 -1 5 8 -1 8 -1 3 -1 455000 -2
9 -1 1 -1 1 -1 2 6 -1 456000 -2
4 -1 2 -1 1 -1 2 1 8 1 -1 1 2 -1 457000 -2
3 -1 8 5 3 -1 4 -1 5 7 7 4 -1 7 2 -1 458000 -2
7 -1 8 -1 4 6 3 4 6 -1 2 -1 7 -1 5 5 5 7 7 -1 3 9 -1 4 -1 459000 -2
3 -1 5 -1 460000 -2
1 -1 2 2 -1 5 4 0 -1 461000 -2
6 -1 9 -1 1 -1 2 -1 0 -1 462000 -2
6 -1 3 3 1 -1 4 -1 6 -1 7 8 -1 3 7 -1 463000 -2
9 -1 6 6 1 -1 464000 -2
8 -1 1 -1 9 1 2 -1 465000 -2
0 -1 6 4 -1 466000 -2
0 -1 2 -1 8 -1 1 4 3 5 -1 467000 -2
6 -1 7 2 4 -1 468000 -2
4 -1 3 8 -1 469000 -2
8 -1 1 6 -1 7 2 -1 470000 -2
5 -1 1 -1 2 2 1 -1 471000 -2
3 -1 8 -1 8 -1 0 -1 1 5 1 0 -1 5 -1 5 -1 472000 -2
2 -1 0 -1 473000 -2
6 -1 8 0 2 -1 1 -1 8 -1 6 9 -1 6 4 8 4 6 1 1 1 1 -1 5 1 -1 7 -1 1 -1 1 2 8 -1 474000 -2
6 -1 7 -1 475000 -2
1 -1 4 -1 476000 -2
5 -1 5 5 -1 0 8 -1 6 1 -1 8 -1 477000 -2
7 -1 7 1 -1 478000 -2
1 -1 1 6 -1 7 5 -1 479000 -2
1 -1 1 -1 2 -1 0 1 6 -1 480000 -2
6 -1 7 2 -1 481000 -2
9 -1 6 -1 0 -1 4 -1 482000 -2
7 -1 2 -1 483000 -2
3 -1 1 4 4 -1 5 -1 8 -1 484000 -2
8 -1 3 6 4 5 -1 485000 -2
0 -1 6 3 4 -1 486000 -2
2 -1 6 7 -1 1 -1 487000 -2
0 -1 2 6 4 -1 488000 -2
0 -1 1 -1 2 -1 3 7 6 5 -1 489000 -2
9 -1 6 6 -1 490000 -2
6 -1 3 5 -1 491000 -2
1 -1 1 6 2 -1 7 -1 6 0 -1 2 2 -1 4 -1 9 -1 492000 -2
6 -1 7 -1 493000 -2
5 -1 1 -1 494000 -2
1 -1 3 -1 4 -1 2 9 7 5 -1 5 -1 4 8 1 8 9 5 5 -1 1 6 7 -1 1 -1 2 2 8 -1 3 1 1 3 1 -1 4 -1 2 8 6 1 -1 3 -1 495000 -2
6 -1 7 -1 496000 -2
3 -1 7 -1 8 -1 8 -1 8 8 7 -1 4 8 -1 497000 -2
9 -1 3 -1 498000 -2
0 -1 3 4 6 0 9 1 1 -1 499000 -2
1 -1 2 2 -1 500000 -2
